1.504152763472691667e+01
1.497464201553571961e+01
1.500403924022518076e+01
1.502489444486375625e+01
1.494320128634286426e+01
1.493546368413352354e+01
1.496583428104054825e+01
1.505046680237322754e+01
1.505053083130305325e+01
1.498105082912821473e+01
1.506520691054637417e+01
1.501277863780659061e+01
1.502297087360435235e+01
1.487095511512283430e+01
1.501178377156577426e+01
1.500075033600076857e+01
1.505948885264835013e+01
1.498991254154577923e+01
1.499520165967320295e+01
1.501484732424803603e+01
1.504113416885878785e+01
1.495230229085290219e+01
1.495637230617396796e+01
1.499210694134499100e+01
1.493557310893721102e+01
1.494578350772244946e+01
1.499736206204279121e+01
1.494608809823428253e+01
1.507441397630560331e+01
1.499755710355228722e+01
1.495203207134674983e+01
1.505496798281159165e+01
1.506220797166768754e+01
1.500877383169217438e+01
1.503386025019363714e+01
1.495367782979737825e+01
1.499443305614047617e+01
1.508023457301868753e+01
1.490570728252444077e+01
1.503206548583096946e+01
1.497858438196350050e+01
1.495659807777050254e+01
1.504586462143442382e+01
1.501707402760969678e+01
1.500473291745042204e+01
1.494991696569897144e+01
1.501970616055159802e+01
1.513018571422220404e+01
1.501108056693778003e+01
1.496383335669350778e+01
1.505186195811931960e+01
1.507215595504973216e+01
1.498846681298728889e+01
1.501136471458877786e+01
1.495258292251239318e+01
1.504152511737922993e+01
1.500091612803635677e+01
1.495017672011601562e+01
1.507264033457359353e+01
1.493590994779449410e+01
1.501361017934393693e+01
1.506700813415341500e+01
1.503625572782384623e+01
1.496421353274186394e+01
1.507641765996740446e+01
1.502195172997081940e+01
1.503085523379561472e+01
1.498141875400343537e+01
1.503752658645773899e+01
1.494807364136793026e+01
1.502121820668025975e+01
1.503707205764829169e+01
1.504551989114480470e+01
1.501031657790697338e+01
1.494803332470074686e+01
1.497060482615253640e+01
1.496574215036578970e+01
1.514595099035595460e+01
1.500417885377640204e+01
1.503748918447786131e+01
1.504448144541240318e+01
1.498374002680611383e+01
1.497396003662423780e+01
1.494962624046305777e+01
1.496971061456281760e+01
1.497945943541124691e+01
1.492421733024849928e+01
1.502559891590006913e+01
1.509988032872058916e+01
1.500828799350514053e+01
1.496517830486696532e+01
1.497360463968260191e+01
1.500530365795061982e+01
1.492235082921201972e+01
1.503254500282502804e+01
1.502262236651421468e+01
1.500970136720516024e+01
1.502820021060972167e+01
1.503396112762329295e+01
1.508912456323558793e+01
